 Jul 12, 2021	0h48m
5,648
5,824
182
 Jul 12, 2021	2h30m
3,275
5,461
264
 Jul 9, 2021	4h20m
7,914
16,984
1,270
 Jul 8, 2021	5h
4,070
10,485
1,272
 Jul 7, 2021	3h
3,315
5,190
653
 Jul 5, 2021	3h30m
5,327
12,224
911
 Jul 4, 2021	2h50m
4,193
5,308
553
 Jul 3, 2021	4h50m
3,012
4,141
696
 Jul 1, 2021	4h30m
3,303
4,312
940
 Jun 30, 2021	5h
5,207
23,850
3,314
 Jun 29, 2021	5h
3,220
8,466
927
 Jun 29, 2021	1h50m
2,451
3,659
142
--------------------------Amine--------------------------
 Jul 11, 2021	1h20m
15,071
16,277
353
 Jul 9, 2021	5h40m
14,770
17,975
1,259
 Jul 8, 2021	5h
11,868
13,669
2,030
 Jul 7, 2021	5h20m
14,226
15,999
1,313
 Jul 6, 2021	2h50m
11,902
13,250
688
 Jul 5, 2021	4h40m
13,817
16,860
1,166
 Jul 3, 2021	5h20m
15,107
18,031
1,448
 Jul 1, 2021	5h
14,573
17,985
1,606
 Jun 30, 2021	3h40m
13,943
20,884
2,210